#UKM00003808 2026 07 21 00 2315  294 ncdc-gts           502183   -53275
21 -9999 101800B-9999   154B-9999    12    20    31 
20 -9999 101500B-9999   164B-9999    22 -9999 -9999 
20 -9999 101200B-9999   166B-9999    23 -9999 -9999 
10 -9999 100000   238B  160B-9999    29    30    67 
20 -9999  99700 -9999   160B-9999    39 -9999 -9999 
20 -9999  99600 -9999   158B-9999    39 -9999 -9999 
20 -9999  99200 -9999 -9999 -9999 -9999    25    77 
20 -9999  98800 -9999   164B-9999    70 -9999 -9999 
20 -9999  98700 -9999   164B-9999    60 -9999 -9999 
20 -9999  98100 -9999   168B-9999   100 -9999 -9999 
20 -9999  97500 -9999   166B-9999    70 -9999 -9999 
20 -9999  97400 -9999 -9999 -9999 -9999    10    72 
20 -9999  96900 -9999   166B-9999    90 -9999 -9999 
20 -9999  96700 -9999   166B-9999   110 -9999 -9999 
20 -9999  96300 -9999   168B-9999   120 -9999 -9999 
20 -9999  96100 -9999   172B-9999   160    20    51 
20 -9999  95600 -9999   178B-9999   230 -9999 -9999 
20 -9999  94700 -9999   170B-9999   170 -9999 -9999 
20 -9999  94500 -9999 -9999 -9999 -9999    50    26 
20 -9999  94000 -9999   166B-9999   160 -9999 -9999 
20 -9999  93900 -9999   166B-9999   160 -9999 -9999 
20 -9999  93400 -9999   162B-9999   130 -9999 -9999 
10 -9999  92500   902B  154B-9999   130    65    31 
20 -9999  88300 -9999 -9999 -9999 -9999    70    26 
20 -9999  87400 -9999   114B-9999   100 -9999 -9999 
20 -9999  86600 -9999   112B-9999   130 -9999 -9999 
20 -9999  85500 -9999   102B-9999   120 -9999 -9999 
10 -9999  85000  1612B  102B-9999   160    40    46 
20 -9999  84800 -9999 -9999 -9999 -9999    40    51 
20 -9999  84400 -9999    98B-9999   110 -9999 -9999 
20 -9999  83700 -9999 -9999 -9999 -9999    25    57 
20 -9999  83100 -9999    94B-9999   110 -9999 -9999 
20 -9999  83000 -9999    92B-9999   100 -9999 -9999 
20 -9999  82800 -9999    92B-9999    70 -9999 -9999 
20 -9999  82700 -9999 -9999 -9999 -9999    25    62 
20 -9999  82400 -9999    88B-9999    70 -9999 -9999 
20 -9999  82000 -9999    88B-9999   130 -9999 -9999 
20 -9999  81900 -9999    88B-9999   120 -9999 -9999 
20 -9999  81800 -9999    88B-9999    90 -9999 -9999 
20 -9999  81600 -9999    88B-9999    90 -9999 -9999 
20 -9999  81400 -9999    88B-9999    90 -9999 -9999 
20 -9999  81200 -9999    88B-9999   100 -9999 -9999 
20 -9999  81100 -9999    90B-9999   170 -9999 -9999 
20 -9999  81000 -9999    92B-9999   190 -9999 -9999 
20 -9999  80800 -9999    92B-9999   140    50    51 
20 -9999  80700 -9999    92B-9999   100 -9999 -9999 
20 -9999  80400 -9999    90B-9999    80 -9999 -9999 
20 -9999  80000 -9999 -9999 -9999 -9999    55    51 
20 -9999  79900 -9999    94B-9999   130 -9999 -9999 
20 -9999  79100 -9999    92B-9999   150 -9999 -9999 
20 -9999  78900 -9999 -9999 -9999 -9999    50    51 
20 -9999  76900 -9999 -9999 -9999 -9999    55    62 
20 -9999  76500 -9999    72B-9999   130 -9999 -9999 
20 -9999  76000 -9999 -9999 -9999 -9999    60    72 
20 -9999  75300 -9999    62B-9999    90 -9999 -9999 
20 -9999  74500 -9999 -9999 -9999 -9999    45    82 
20 -9999  73900 -9999    52B-9999    80 -9999 -9999 
20 -9999  72100 -9999    38B-9999    60 -9999 -9999 
20 -9999  71500 -9999    34B-9999    70 -9999 -9999 
20 -9999  70500 -9999    26B-9999    70 -9999 -9999 
10 -9999  70000  3208B   24B-9999    70    35    93 
20 -9999  69500 -9999 -9999 -9999 -9999    30    98 
20 -9999  68100 -9999 -9999 -9999 -9999    30    87 
20 -9999  67900 -9999     8B-9999    45 -9999 -9999 
20 -9999  67700 -9999     6B-9999    50 -9999 -9999 
20 -9999  67400 -9999     6B-9999    49 -9999 -9999 
20 -9999  67000 -9999     2B-9999    34 -9999 -9999 
20 -9999  66900 -9999     2B-9999    48 -9999 -9999 
20 -9999  66600 -9999     2B-9999    50 -9999 -9999 
20 -9999  65900 -9999 -9999 -9999 -9999    25   123 
20 -9999  65600 -9999    -5B-9999    42 -9999 -9999 
20 -9999  64900 -9999    -9B-9999    49 -9999 -9999 
20 -9999  64300 -9999    -9B-9999    90 -9999 -9999 
20 -9999  64100 -9999    -9B-9999   130 -9999 -9999 
20 -9999  63900 -9999   -11B-9999    60 -9999 -9999 
20 -9999  63800 -9999   -11B-9999    60 -9999 -9999 
20 -9999  63700 -9999 -9999 -9999 -9999    25   113 
20 -9999  63600 -9999    -7B-9999   100 -9999 -9999 
20 -9999  61800 -9999 -9999 -9999 -9999    30   113 
20 -9999  61600 -9999   -27B-9999    90 -9999 -9999 
20 -9999  60800 -9999   -33B-9999   110 -9999 -9999 
20 -9999  60600 -9999   -35B-9999    90    45   118 
20 -9999  58900 -9999   -55B-9999    80 -9999 -9999 
20 -9999  58300 -9999   -59B-9999   100    45   134 
20 -9999  58100 -9999   -63B-9999    90 -9999 -9999 
20 -9999  57900 -9999   -63B-9999   120 -9999 -9999 
20 -9999  57600 -9999   -63B-9999   140 -9999 -9999 
20 -9999  56600 -9999 -9999 -9999 -9999    40   139 
20 -9999  56000 -9999   -73B-9999   160 -9999 -9999 
20 -9999  55600 -9999   -77B-9999   130 -9999 -9999 
20 -9999  55300 -9999 -9999 -9999 -9999    30   118 
20 -9999  54700 -9999   -89B-9999   130 -9999 -9999 
20 -9999  54400 -9999   -93B-9999   110 -9999 -9999 
20 -9999  54100 -9999   -95B-9999   130 -9999 -9999 
20 -9999  53900 -9999   -97B-9999   110 -9999 -9999 
20 -9999  53700 -9999   -93B-9999   180 -9999 -9999 
20 -9999  53500 -9999   -93B-9999   230 -9999 -9999 
20 -9999  52800 -9999   -87B-9999   310 -9999 -9999 
20 -9999  51900 -9999   -93B-9999   350 -9999 -9999 
20 -9999  51700 -9999   -93B-9999   240 -9999 -9999 
20 -9999  51300 -9999 -9999 -9999 -9999    40   175 
20 -9999  51200 -9999   -99B-9999   200 -9999 -9999 
20 -9999  50100 -9999 -9999 -9999 -9999    40   139 
10 -9999  50000  5860B -113B-9999   210    40   139 
20 -9999  49600 -9999  -115B-9999   210 -9999 -9999 
20 -9999  48900 -9999 -9999 -9999 -9999    35   149 
20 -9999  48200 -9999  -123B-9999   290 -9999 -9999 
20 -9999  47900 -9999  -127B-9999   270 -9999 -9999 
20 -9999  47600 -9999 -9999 -9999 -9999    45   149 
20 -9999  45600 -9999  -159B-9999   250 -9999 -9999 
20 -9999  45500 -9999 -9999 -9999 -9999    35   165 
20 -9999  44900 -9999 -9999 -9999 -9999    40   170 
20 -9999  44600 -9999  -173B-9999   200 -9999 -9999 
20 -9999  43900 -9999  -183B-9999   150 -9999 -9999 
20 -9999  43300 -9999  -189B-9999   210 -9999 -9999 
20 -9999  42700 -9999  -199B-9999   160 -9999 -9999 
20 -9999  42100 -9999  -207B-9999   180    35   144 
20 -9999  40900 -9999 -9999 -9999 -9999    25   165 
20 -9999  40600 -9999  -229B-9999   130 -9999 -9999 
20 -9999  40100 -9999  -233B-9999   120 -9999 -9999 
10 -9999  40000  7530B -235B-9999   150    25   185 
20 -9999  39900 -9999  -235B-9999   190 -9999 -9999 
20 -9999  39800 -9999  -235B-9999   170 -9999 -9999 
20 -9999  39700 -9999  -237B-9999   210 -9999 -9999 
20 -9999  39500 -9999  -241B-9999   160 -9999 -9999 
20 -9999  39200 -9999  -241B-9999   210    25   201 
20 -9999  38700 -9999  -243B-9999   270 -9999 -9999 
20 -9999  38200 -9999 -9999 -9999 -9999    40   206 
20 -9999  37900 -9999  -251B-9999   180 -9999 -9999 
20 -9999  37700 -9999  -255B-9999   140 -9999 -9999 
20 -9999  36700 -9999  -273B-9999   130 -9999 -9999 
20 -9999  36200 -9999  -283B-9999   180 -9999 -9999 
20 -9999  35300 -9999  -297B-9999   150 -9999 -9999 
20 -9999  35000 -9999  -301B-9999   100 -9999 -9999 
20 -9999  34600 -9999  -307B-9999   110 -9999 -9999 
20 -9999  34100 -9999 -9999 -9999 -9999    35   252 
20 -9999  31300 -9999  -375B-9999    50 -9999 -9999 
20 -9999  31200 -9999  -377B-9999    50 -9999 -9999 
20 -9999  31000 -9999  -379B-9999    70 -9999 -9999 
20 -9999  30600 -9999  -385B-9999    80 -9999 -9999 
20 -9999  30500 -9999  -387B-9999    80 -9999 -9999 
20 -9999  30200 -9999  -393B-9999    48    35   226 
10 -9999  30000  9570B -397B-9999    45    35   226 
20 -9999  29800 -9999  -401B-9999    49 -9999 -9999 
20 -9999  29600 -9999  -401B-9999   120 -9999 -9999 
20 -9999  29000 -9999  -413B-9999   100 -9999 -9999 
20 -9999  28500 -9999  -423B-9999   100 -9999 -9999 
20 -9999  28200 -9999  -425B-9999   130 -9999 -9999 
20 -9999  28000 -9999  -429B-9999   120 -9999 -9999 
20 -9999  27800 -9999  -431B-9999   140 -9999 -9999 
20 -9999  26900 -9999 -9999 -9999 -9999    40   257 
20 -9999  25900 -9999  -467B-9999   110    40   242 
10 -9999  25000 10790B -479B-9999   130    35   288 
20 -9999  24700 -9999  -485B-9999   130 -9999 -9999 
20 -9999  24400 -9999  -485B-9999   140 -9999 -9999 
20 -9999  23500 -9999 -9999 -9999 -9999    40   314 
20 -9999  21500 -9999  -531B-9999   120 -9999 -9999 
20 -9999  21000 -9999 -9999 -9999 -9999    35   247 
20 -9999  20100 -9999  -535B-9999   190 -9999 -9999 
10 -9999  20000 12240B -539B-9999   190    45   216 
22 -9999  19000 -9999  -557B-9999   170    40   180 
20 -9999  18600 -9999 -9999 -9999 -9999    35   149 
20 -9999  17700 -9999  -559B-9999   160 -9999 -9999 
20 -9999  17600 -9999 -9999 -9999 -9999    40   175 
20 -9999  17100 -9999 -9999 -9999 -9999    35   108 
20 -9999  16800 -9999 -9999 -9999 -9999    20   129 
20 -9999  16500 -9999  -545B-9999   250 -9999 -9999 
20 -9999  16400 -9999 -9999 -9999 -9999    25   139 
20 -9999  15900 -9999 -9999 -9999 -9999    10   134 
20 -9999  15600 -9999 -9999 -9999 -9999    15   170 
20 -9999  15100 -9999  -531B-9999   300    35   113 
10 -9999  15000 14080B -535B-9999   300    35   103 
20 -9999  14900 -9999 -9999 -9999 -9999    30    87 
20 -9999  14600 -9999 -9999 -9999 -9999     5    67 
20 -9999  14300 -9999  -553B-9999   280   355    72 
20 -9999  14000 -9999 -9999 -9999 -9999    25    82 
20 -9999  13800 -9999 -9999 -9999 -9999    30    77 
20 -9999  13500 -9999 -9999 -9999 -9999   355    93 
20 -9999  13200 -9999 -9999 -9999 -9999   355   118 
20 -9999  13100 -9999  -555B-9999   290 -9999 -9999 
20 -9999  12700 -9999 -9999 -9999 -9999    25    77 
20 -9999  12400 -9999  -541B-9999   310    30    51 
20 -9999  12100 -9999 -9999 -9999 -9999    20    26 
20 -9999  11900 -9999 -9999 -9999 -9999    10    51 
20 -9999  11700 -9999 -9999 -9999 -9999    20    77 
20 -9999  11500 -9999 -9999 -9999 -9999    30    62 
20 -9999  11200 -9999  -559B-9999   300 -9999 -9999 
20 -9999  10800 -9999 -9999 -9999 -9999     5    67 
20 -9999  10500 -9999 -9999 -9999 -9999    15    57 
20 -9999  10400 -9999  -543B-9999   320 -9999 -9999 
20 -9999  10200 -9999 -9999 -9999 -9999   345    62 
10 -9999  10000 16670B -555B-9999   320   350    72 
20 -9999   9830 -9999 -9999 -9999 -9999     5    62 
20 -9999   9660 -9999 -9999 -9999 -9999    35    51 
20 -9999   9290 -9999 -9999 -9999 -9999    15     5 
20 -9999   9030 -9999  -557B-9999   320 -9999 -9999 
20 -9999   7640 -9999 -9999 -9999 -9999    35    51 
20 -9999   7550 -9999 -9999 -9999 -9999    45    57 
20 -9999   7330 -9999  -549B-9999   330 -9999 -9999 
20 -9999   7090 -9999  -527B-9999   350 -9999 -9999 
10 -9999   7000 18940B -535B-9999   340   135    10 
20 -9999   6720 -9999 -9999 -9999 -9999   290     5 
20 -9999   6520 -9999  -543B-9999   340 -9999 -9999 
20 -9999   6330 -9999 -9999 -9999 -9999    35    51 
20 -9999   6120 -9999 -9999 -9999 -9999    85    77 
20 -9999   6000 -9999  -521B-9999   360   105    62 
20 -9999   5960 -9999 -9999 -9999 -9999   110    51 
20 -9999   5720 -9999 -9999 -9999 -9999    65     5 
20 -9999   5700 -9999  -541B-9999   340 -9999 -9999 
20 -9999   5580 -9999 -9999 -9999 -9999    35    51 
20 -9999   5480 -9999 -9999 -9999 -9999    65    77 
20 -9999   5350 -9999 -9999 -9999 -9999    65    67 
20 -9999   5260 -9999  -521B-9999   350 -9999 -9999 
20 -9999   5250 -9999 -9999 -9999 -9999    80    51 
20 -9999   5150 -9999 -9999 -9999 -9999    50    31 
20 -9999   5060 -9999 -9999 -9999 -9999    60    51 
10 -9999   5000 21110B -525B-9999   350    70    77 
20 -9999   4920 -9999 -9999 -9999 -9999    70    87 
20 -9999   4760 -9999  -529B-9999   350 -9999 -9999 
20 -9999   4740 -9999 -9999 -9999 -9999    90    62 
20 -9999   4640 -9999 -9999 -9999 -9999    80    51 
20 -9999   4320 -9999 -9999 -9999 -9999    90    62 
20 -9999   4190 -9999 -9999 -9999 -9999    55    57 
20 -9999   4130 -9999  -505B-9999   370 -9999 -9999 
20 -9999   3930 -9999 -9999 -9999 -9999    85   118 
20 -9999   3810 -9999 -9999 -9999 -9999   105   113 
20 -9999   3740 -9999  -527B-9999   350 -9999 -9999 
20 -9999   3690 -9999 -9999 -9999 -9999   100    82 
20 -9999   3560 -9999 -9999 -9999 -9999   115    77 
20 -9999   3480 -9999 -9999 -9999 -9999   100    51 
20 -9999   3410 -9999 -9999 -9999 -9999    70    36 
20 -9999   3390 -9999  -491B-9999   380 -9999 -9999 
20 -9999   3350 -9999 -9999 -9999 -9999    40    51 
20 -9999   3300 -9999 -9999 -9999 -9999    35    72 
20 -9999   3230 -9999 -9999 -9999 -9999    55    98 
20 -9999   3100 -9999 -9999 -9999 -9999    70   108 
20 -9999   3050 -9999 -9999 -9999 -9999    85   113 
10 -9999   3000 24440B -479B-9999   390   100   108 
20 -9999   2940 -9999  -467B-9999   390 -9999 -9999 
20 -9999   2910 -9999 -9999 -9999 -9999    90   113 
20 -9999   2810 -9999 -9999 -9999 -9999   105    93 
20 -9999   2710 -9999 -9999 -9999 -9999    90    93 
20 -9999   2590 -9999  -485B-9999   380 -9999 -9999 
20 -9999   2500 -9999 -9999 -9999 -9999   125    93 
20 -9999   2440 -9999 -9999 -9999 -9999   110   103 
20 -9999   2400 -9999 -9999 -9999 -9999   115   113 
20 -9999   2340 -9999 -9999 -9999 -9999   120    72 
20 -9999   2270 -9999 -9999 -9999 -9999    95    51 
20 -9999   2200 -9999 -9999 -9999 -9999   130    77 
20 -9999   2170 -9999 -9999 -9999 -9999   125    57 
20 -9999   2120 -9999 -9999 -9999 -9999    80    26 
20 -9999   2080 -9999 -9999 -9999 -9999    55    51 
20 -9999   2060 -9999  -433B-9999   400 -9999 -9999 
10 -9999   2000 27130B -441B-9999   400    80   118 
20 -9999   1990 -9999 -9999 -9999 -9999    85   118 
20 -9999   1900 -9999  -451B-9999   400 -9999 -9999 
20 -9999   1890 -9999 -9999 -9999 -9999    85    93 
20 -9999   1810 -9999 -9999 -9999 -9999   120    87 
20 -9999   1780 -9999 -9999 -9999 -9999   115    62 
20 -9999   1770 -9999  -445B-9999   400 -9999 -9999 
20 -9999   1760 -9999 -9999 -9999 -9999    95    51 
20 -9999   1740 -9999 -9999 -9999 -9999    80    62 
20 -9999   1710 -9999  -425B-9999   400 -9999 -9999 
20 -9999   1700 -9999 -9999 -9999 -9999    70    98 
20 -9999   1630 -9999 -9999 -9999 -9999    80   175 
20 -9999   1590 -9999 -9999 -9999 -9999    90   149 
20 -9999   1570 -9999  -431B-9999   400 -9999 -9999 
20 -9999   1550 -9999 -9999 -9999 -9999    85   113 
20 -9999   1510 -9999 -9999 -9999 -9999    85   139 
20 -9999   1470 -9999 -9999 -9999 -9999   100   165 
20 -9999   1360 -9999 -9999 -9999 -9999   100   113 
20 -9999   1290 -9999 -9999 -9999 -9999   110   180 
20 -9999   1240 -9999 -9999 -9999 -9999   120   123 
20 -9999   1220 -9999 -9999 -9999 -9999   110    93 
20 -9999   1190 -9999 -9999 -9999 -9999    90   139 
20 -9999   1160 -9999 -9999 -9999 -9999    95   170 
20 -9999   1120 -9999 -9999 -9999 -9999   105   154 
20 -9999   1090 -9999 -9999 -9999 -9999   100   149 
20 -9999   1060 -9999 -9999 -9999 -9999   115   134 
20 -9999   1020 -9999 -9999 -9999 -9999    90   108 
10 -9999   1000 31830B -367B-9999   420   100   129 
20 -9999    990 -9999 -9999 -9999 -9999   100   129 
20 -9999    950 -9999 -9999 -9999 -9999    90    82 
20 -9999    910 -9999  -363B-9999   430    95   118 
20 -9999    870 -9999 -9999 -9999 -9999    85   123 
20 -9999    850 -9999 -9999 -9999 -9999    60   123 
20 -9999    840 -9999  -331B-9999   440 -9999 -9999 
20 -9999    810 -9999 -9999 -9999 -9999    80   190 
20 -9999    790 -9999  -339B-9999   430 -9999 -9999 
20 -9999    770 -9999 -9999 -9999 -9999    75   154 
20 -9999    740 -9999 -9999 -9999 -9999    85   165 
10 -9999    700 -9999 -9999 -9999 -9999    65   149 
20 -9999    670 -9999 -9999 -9999 -9999    75   221 
20 -9999    650 -9999  -295B-9999   450    80   221 
#UKM00003808 2026 07 21 12 1117  263 ncdc-gts           502183   -53275
21 -9999 101900B-9999   196B-9999    37   360    41 
20 -9999 100800B-9999   158B-9999    13 -9999 -9999 
10 -9999 100000   250B  154B-9999    10   355    41 
20 -9999  99400 -9999   150B-9999     6 -9999 -9999 
20 -9999  98600 -9999   146B-9999    16 -9999 -9999 
20 -9999  98400 -9999   148B-9999    21 -9999 -9999 
20 -9999  98300 -9999   150B-9999    38 -9999 -9999 
20 -9999  98100 -9999   158B-9999    80 -9999 -9999 
20 -9999  98000 -9999   164B-9999   110 -9999 -9999 
20 -9999  97800 -9999   164B-9999   110 -9999 -9999 
20 -9999  97500 -9999   172B-9999   170 -9999 -9999 
20 -9999  97300 -9999   174B-9999   170 -9999 -9999 
20 -9999  96900 -9999   178B-9999   160 -9999 -9999 
20 -9999  96300 -9999 -9999 -9999 -9999   265     5 
20 -9999  96100 -9999   176B-9999   150 -9999 -9999 
20 -9999  95200 -9999   174B-9999   170 -9999 -9999 
20 -9999  93600 -9999   162B-9999   120 -9999 -9999 
20 -9999  92800 -9999   158B-9999   140 -9999 -9999 
10 -9999  92500   913B  154B-9999   130    60    15 
20 -9999  91800 -9999   150B-9999   110 -9999 -9999 
20 -9999  91200 -9999   146B-9999   120 -9999 -9999 
20 -9999  87900 -9999 -9999 -9999 -9999    60    10 
20 -9999  87600 -9999   120B-9999   100 -9999 -9999 
10 -9999  85000  1624B  104B-9999    70    65    31 
20 -9999  82800 -9999    90B-9999    60 -9999 -9999 
20 -9999  82600 -9999    90B-9999    60 -9999 -9999 
20 -9999  82300 -9999    94B-9999    80 -9999 -9999 
20 -9999  82200 -9999 -9999 -9999 -9999    55    36 
20 -9999  82100 -9999    92B-9999    70 -9999 -9999 
20 -9999  81600 -9999    90B-9999    70 -9999 -9999 
20 -9999  81400 -9999 -9999 -9999 -9999    40    51 
20 -9999  81200 -9999    92B-9999   100 -9999 -9999 
20 -9999  81000 -9999    94B-9999   100 -9999 -9999 
20 -9999  80700 -9999    94B-9999   130 -9999 -9999 
20 -9999  80000 -9999    92B-9999   130 -9999 -9999 
20 -9999  79900 -9999 -9999 -9999 -9999    40    82 
20 -9999  79700 -9999    92B-9999   110 -9999 -9999 
20 -9999  79000 -9999    86B-9999   110 -9999 -9999 
20 -9999  78500 -9999    84B-9999   150 -9999 -9999 
20 -9999  77200 -9999 -9999 -9999 -9999    45    93 
20 -9999  76400 -9999    72B-9999   120 -9999 -9999 
20 -9999  75800 -9999    70B-9999   160 -9999 -9999 
20 -9999  75000 -9999    64B-9999   110 -9999 -9999 
20 -9999  74300 -9999    60B-9999   120 -9999 -9999 
20 -9999  73600 -9999 -9999 -9999 -9999    35    98 
20 -9999  73100 -9999    52B-9999    90 -9999 -9999 
20 -9999  72700 -9999    54B-9999   110 -9999 -9999 
20 -9999  72100 -9999    48B-9999   120 -9999 -9999 
20 -9999  71400 -9999    42B-9999   130 -9999 -9999 
20 -9999  71200 -9999    44B-9999   170 -9999 -9999 
20 -9999  70900 -9999    46B-9999   200 -9999 -9999 
10 -9999  70000  3222B   44B-9999   220    40   108 
20 -9999  69800 -9999 -9999 -9999 -9999    40   108 
20 -9999  69200 -9999    44B-9999   290 -9999 -9999 
20 -9999  69100 -9999 -9999 -9999 -9999    45   108 
20 -9999  68700 -9999    42B-9999   240 -9999 -9999 
20 -9999  68400 -9999    40B-9999   280 -9999 -9999 
20 -9999  68200 -9999 -9999 -9999 -9999    60    98 
20 -9999  67800 -9999    36B-9999   300 -9999 -9999 
20 -9999  66500 -9999    24B-9999   210 -9999 -9999 
20 -9999  65600 -9999    14B-9999   210 -9999 -9999 
20 -9999  64600 -9999 -9999 -9999 -9999    50    98 
20 -9999  64200 -9999    10B-9999   290 -9999 -9999 
20 -9999  63900 -9999     8B-9999   230 -9999 -9999 
20 -9999  63400 -9999 -9999 -9999 -9999    40   108 
20 -9999  62600 -9999    -3B-9999   300 -9999 -9999 
20 -9999  62000 -9999    -7B-9999   260 -9999 -9999 
20 -9999  61400 -9999   -11B-9999   300 -9999 -9999 
20 -9999  60700 -9999   -19B-9999   230 -9999 -9999 
20 -9999  59300 -9999 -9999 -9999 -9999    40   118 
20 -9999  59200 -9999   -33B-9999   270 -9999 -9999 
20 -9999  58300 -9999   -39B-9999   210 -9999 -9999 
20 -9999  57300 -9999   -47B-9999   240 -9999 -9999 
20 -9999  56800 -9999   -51B-9999   200 -9999 -9999 
20 -9999  55800 -9999   -59B-9999   270 -9999 -9999 
20 -9999  55500 -9999   -61B-9999   140 -9999 -9999 
20 -9999  55400 -9999   -63B-9999   140 -9999 -9999 
20 -9999  53800 -9999   -85B-9999   140 -9999 -9999 
20 -9999  52900 -9999   -99B-9999   100 -9999 -9999 
20 -9999  51900 -9999  -111B-9999    90 -9999 -9999 
20 -9999  51800 -9999  -113B-9999   100    35    87 
20 -9999  51600 -9999  -113B-9999   150 -9999 -9999 
20 -9999  51000 -9999  -113B-9999   220 -9999 -9999 
20 -9999  50900 -9999 -9999 -9999 -9999    30    87 
20 -9999  50700 -9999  -115B-9999   230 -9999 -9999 
20 -9999  50300 -9999  -117B-9999   220 -9999 -9999 
10 -9999  50000  5880B -119B-9999   260    40   103 
20 -9999  49600 -9999 -9999 -9999 -9999    40   118 
20 -9999  49500 -9999  -123B-9999   290 -9999 -9999 
20 -9999  49000 -9999 -9999 -9999 -9999    35   129 
20 -9999  48800 -9999  -127B-9999   240 -9999 -9999 
20 -9999  48500 -9999 -9999 -9999 -9999    30   123 
20 -9999  47600 -9999 -9999 -9999 -9999    25    87 
20 -9999  47200 -9999 -9999 -9999 -9999    30    82 
20 -9999  46700 -9999 -9999 -9999 -9999    40    93 
20 -9999  46000 -9999  -145B-9999   320 -9999 -9999 
20 -9999  45500 -9999  -145B-9999   290 -9999 -9999 
20 -9999  45300 -9999  -145B-9999   220 -9999 -9999 
20 -9999  45200 -9999  -145B-9999   180 -9999 -9999 
20 -9999  44400 -9999  -159B-9999   160 -9999 -9999 
20 -9999  44100 -9999 -9999 -9999 -9999    25   129 
20 -9999  43600 -9999  -169B-9999   170 -9999 -9999 
20 -9999  43300 -9999  -175B-9999   140 -9999 -9999 
20 -9999  42200 -9999  -193B-9999   130    30   134 
20 -9999  41400 -9999  -203B-9999   170 -9999 -9999 
20 -9999  40700 -9999  -211B-9999   170 -9999 -9999 
10 -9999  40000  7560B -221B-9999   210    25   139 
20 -9999  39800 -9999  -223B-9999   170    25   144 
20 -9999  39500 -9999  -227B-9999   160 -9999 -9999 
20 -9999  39300 -9999  -231B-9999   230 -9999 -9999 
20 -9999  39200 -9999  -231B-9999   220 -9999 -9999 
20 -9999  39100 -9999  -233B-9999   150 -9999 -9999 
20 -9999  38800 -9999 -9999 -9999 -9999    25   118 
20 -9999  38200 -9999  -247B-9999   130    30   113 
20 -9999  36500 -9999  -277B-9999   130 -9999 -9999 
20 -9999  35500 -9999  -289B-9999   170 -9999 -9999 
20 -9999  34900 -9999 -9999 -9999 -9999    30   154 
20 -9999  34700 -9999  -305B-9999   180 -9999 -9999 
20 -9999  33600 -9999 -9999 -9999 -9999    30   206 
20 -9999  32800 -9999  -337B-9999   160 -9999 -9999 
20 -9999  32200 -9999  -349B-9999   110 -9999 -9999 
20 -9999  32000 -9999  -353B-9999   120 -9999 -9999 
20 -9999  31700 -9999  -359B-9999   100 -9999 -9999 
20 -9999  31400 -9999  -365B-9999   110 -9999 -9999 
20 -9999  31100 -9999  -371B-9999    90 -9999 -9999 
20 -9999  30900 -9999  -375B-9999   100 -9999 -9999 
20 -9999  30800 -9999 -9999 -9999 -9999    35   211 
20 -9999  30300 -9999  -387B-9999   100 -9999 -9999 
10 -9999  30000  9600B -391B-9999   110    30   201 
20 -9999  29900 -9999  -393B-9999   100 -9999 -9999 
20 -9999  29800 -9999 -9999 -9999 -9999    30   201 
20 -9999  29700 -9999  -395B-9999   120 -9999 -9999 
20 -9999  29400 -9999  -401B-9999   100 -9999 -9999 
20 -9999  28900 -9999  -407B-9999   130 -9999 -9999 
20 -9999  28300 -9999  -419B-9999   110 -9999 -9999 
20 -9999  27600 -9999  -431B-9999   120 -9999 -9999 
20 -9999  26500 -9999  -455B-9999   100 -9999 -9999 
20 -9999  25600 -9999  -469B-9999   110 -9999 -9999 
10 -9999  25000 10830B -479B-9999   100    25   185 
20 -9999  24700 -9999  -485B-9999   100 -9999 -9999 
20 -9999  24500 -9999  -487B-9999   120    25   175 
20 -9999  24100 -9999  -493B-9999   100 -9999 -9999 
20 -9999  23800 -9999  -499B-9999   120 -9999 -9999 
20 -9999  23400 -9999  -503B-9999    80 -9999 -9999 
20 -9999  23300 -9999  -505B-9999   100 -9999 -9999 
20 -9999  23000 -9999  -511B-9999    70 -9999 -9999 
20 -9999  22800 -9999  -515B-9999    90 -9999 -9999 
20 -9999  22500 -9999  -521B-9999    80 -9999 -9999 
20 -9999  21500 -9999  -541B-9999    90 -9999 -9999 
20 -9999  21200 -9999 -9999 -9999 -9999    25   231 
20 -9999  21100 -9999  -551B-9999    80 -9999 -9999 
20 -9999  20500 -9999  -559B-9999   110 -9999 -9999 
20 -9999  20100 -9999  -557B-9999   160 -9999 -9999 
10 -9999  20000 12270B -557B-9999   160    30   195 
20 -9999  19600 -9999 -9999 -9999 -9999    30   165 
22 -9999  19100 -9999  -571B-9999   140    20   134 
20 -9999  18700 -9999 -9999 -9999 -9999    10   144 
20 -9999  18000 -9999  -551B-9999   210 -9999 -9999 
20 -9999  17900 -9999 -9999 -9999 -9999    20   118 
20 -9999  17300 -9999 -9999 -9999 -9999    10   108 
20 -9999  16400 -9999 -9999 -9999 -9999    35    67 
20 -9999  16200 -9999 -9999 -9999 -9999    10    41 
20 -9999  16000 -9999 -9999 -9999 -9999   345    51 
20 -9999  15800 -9999  -575B-9999   220   345    77 
20 -9999  15300 -9999 -9999 -9999 -9999    15   113 
20 -9999  15200 -9999  -547B-9999   260 -9999 -9999 
10 -9999  15000 14100B -551B-9999   260    30   103 
20 -9999  14600 -9999 -9999 -9999 -9999    30    51 
20 -9999  14500 -9999 -9999 -9999 -9999    20    36 
20 -9999  14200 -9999 -9999 -9999 -9999   350    51 
20 -9999  13900 -9999 -9999 -9999 -9999   350    82 
20 -9999  13800 -9999  -569B-9999   270 -9999 -9999 
20 -9999  13700 -9999 -9999 -9999 -9999   355    93 
20 -9999  13000 -9999 -9999 -9999 -9999    15    57 
20 -9999  12400 -9999 -9999 -9999 -9999   345    51 
20 -9999  12200 -9999 -9999 -9999 -9999   350    51 
20 -9999  12100 -9999  -561B-9999   290 -9999 -9999 
20 -9999  11700 -9999 -9999 -9999 -9999   345    21 
20 -9999  11500 -9999  -573B-9999   280 -9999 -9999 
20 -9999  11400 -9999 -9999 -9999 -9999   320    51 
20 -9999  11100 -9999 -9999 -9999 -9999   340    77 
20 -9999  10900 -9999 -9999 -9999 -9999    10    51 
20 -9999  10700 -9999 -9999 -9999 -9999   340    10 
10 -9999  10000 16670B -547B-9999   310   325    10 
20 -9999   9490 -9999 -9999 -9999 -9999     0     0 
20 -9999   9130 -9999  -567B-9999   300 -9999 -9999 
20 -9999   8750 -9999  -551B-9999   310 -9999 -9999 
20 -9999   8130 -9999  -565B-9999   300 -9999 -9999 
20 -9999   7880 -9999  -545B-9999   320 -9999 -9999 
20 -9999   7140 -9999  -557B-9999   310 -9999 -9999 
10 -9999   7000 18940B -551B-9999   320    20    36 
20 -9999   6070 -9999 -9999 -9999 -9999    40    57 
20 -9999   6010 -9999 -9999 -9999 -9999    55    62 
20 -9999   5910 -9999 -9999 -9999 -9999    70    51 
20 -9999   5800 -9999  -525B-9999   330 -9999 -9999 
20 -9999   5700 -9999 -9999 -9999 -9999   220    10 
20 -9999   5340 -9999 -9999 -9999 -9999    80    51 
20 -9999   5180 -9999  -535B-9999   320 -9999 -9999 
10 -9999   5000 21110B -525B-9999   330    30    51 
20 -9999   4990 -9999 -9999 -9999 -9999    30    51 
20 -9999   4760 -9999 -9999 -9999 -9999    90    82 
20 -9999   4550 -9999 -9999 -9999 -9999   110    72 
20 -9999   4430 -9999 -9999 -9999 -9999    85    72 
20 -9999   4250 -9999 -9999 -9999 -9999    90    57 
20 -9999   4140 -9999 -9999 -9999 -9999    65    57 
20 -9999   4040 -9999  -511B-9999   340 -9999 -9999 
20 -9999   3970 -9999 -9999 -9999 -9999    55    87 
20 -9999   3840 -9999  -523B-9999   330 -9999 -9999 
20 -9999   3820 -9999 -9999 -9999 -9999    75    93 
20 -9999   3650 -9999 -9999 -9999 -9999    80   103 
20 -9999   3480 -9999 -9999 -9999 -9999   115    77 
20 -9999   3410 -9999 -9999 -9999 -9999   115    51 
20 -9999   3350 -9999 -9999 -9999 -9999   105    41 
20 -9999   3310 -9999  -495B-9999   350 -9999 -9999 
20 -9999   3210 -9999 -9999 -9999 -9999    70    51 
20 -9999   3090 -9999 -9999 -9999 -9999    80    93 
10 -9999   3000 24430B -499B-9999   350    75    82 
20 -9999   2960 -9999 -9999 -9999 -9999    70    87 
20 -9999   2870 -9999 -9999 -9999 -9999    85    93 
20 -9999   2730 -9999  -491B-9999   350 -9999 -9999 
20 -9999   2700 -9999 -9999 -9999 -9999    90    98 
20 -9999   2560 -9999 -9999 -9999 -9999   120   103 
20 -9999   2430 -9999  -475B-9999   370 -9999 -9999 
20 -9999   2400 -9999 -9999 -9999 -9999   125   118 
20 -9999   2340 -9999 -9999 -9999 -9999   110   103 
20 -9999   2230 -9999 -9999 -9999 -9999   125   108 
20 -9999   2210 -9999 -9999 -9999 -9999   120    93 
20 -9999   2170 -9999 -9999 -9999 -9999    95    77 
20 -9999   2160 -9999 -9999 -9999 -9999    90    82 
20 -9999   2130 -9999  -431B-9999   390 -9999 -9999 
20 -9999   2010 -9999 -9999 -9999 -9999    80   118 
10 -9999   2000 27110B -435B-9999   390    80   118 
20 -9999   1920 -9999 -9999 -9999 -9999    95   154 
20 -9999   1850 -9999 -9999 -9999 -9999   120    98 
20 -9999   1840 -9999  -439B-9999   390 -9999 -9999 
20 -9999   1820 -9999 -9999 -9999 -9999   115    72 
20 -9999   1800 -9999 -9999 -9999 -9999   100    67 
20 -9999   1780 -9999 -9999 -9999 -9999    80    77 
20 -9999   1650 -9999 -9999 -9999 -9999    95   129 
20 -9999   1590 -9999 -9999 -9999 -9999    85   149 
20 -9999   1580 -9999  -407B-9999   410 -9999 -9999 
20 -9999   1540 -9999 -9999 -9999 -9999    95   185 
20 -9999   1480 -9999  -415B-9999   400 -9999 -9999 
20 -9999   1470 -9999 -9999 -9999 -9999   115   165 
20 -9999   1400 -9999 -9999 -9999 -9999   100    93 
20 -9999   1330 -9999 -9999 -9999 -9999   110   129 
20 -9999   1270 -9999 -9999 -9999 -9999   105    82 
20 -9999   1230 -9999 -9999 -9999 -9999   110   134 
20 -9999   1200 -9999 -9999 -9999 -9999    95   129 
20 -9999   1180 -9999 -9999 -9999 -9999   100   134 
20 -9999   1130 -9999  -379B-9999   420   120   118 
20 -9999   1110 -9999 -9999 -9999 -9999   120    98 
20 -9999   1100 -9999 -9999 -9999 -9999   100    93 
20 -9999   1080 -9999 -9999 -9999 -9999    90   103 
20 -9999   1060 -9999  -355B-9999   430 -9999 -9999 
10 -9999   1000 31840B -355B-9999   430    80   144 
20 -9999    990 -9999 -9999 -9999 -9999    80   149 
20 -9999    970 -9999 -9999 -9999 -9999    90   175 
20 -9999    940 -9999 -9999 -9999 -9999   105   134 
20 -9999    900 -9999  -347B-9999   430 -9999 -9999 
20 -9999    880 -9999  -349B-9999   430 -9999 -9999 
20 -9999    870 -9999 -9999 -9999 -9999    95   129 
20 -9999    770 -9999  -311B-9999   440   110   165 
