#USM00072357 2013 05 20 12 1108  155 ncdc6301 ncdc6301  351808  -974378
21     0  96550B  345   216B  890    19   162    36 
20    13  95833   410B  213B  899    17   177    82 
10   108  92500   717B  201B  940    10   194   176 
20   136  90886   869B  190B  985     2   206   195 
20   203  89325  1019B  212B  963     6   225   200 
20   232  87898  1160B  241B  497   111   231   163 
20   306  86279  1323B  236B  352   163   225   133 
10   331  85000  1453B  226B  309   180   222   126 
20   440  81731  1792B  203B  202   235   224    93 
20   624  77031  2298B  164B  189   237   237    97 
20   852  70122  3086B   88B  287   172   218   127 
10   855  70000  3100B   87B  292   169   218   128 
20  1139  62757  3991B   11B  335   143   222   177 
20  1200  61910  4100B    0B  354   135   222   177 
20  1551  52435  5399B -120B  620    58   247   258 
20  1647  50381  5704B -137B  425   101   250   239 
10  1657  50000  5762B -141B  419   102   250   232 
20  1738  48527  5988B -160B  446    93   246   227 
20  1759  47933  6081B -152B  264   151   245   252 
20  1822  47238  6191B -152B  165   199   245   272 
20  1838  46756  6269B -138B   74   281   243   279 
20  1951  44582  6629B -155B   38   337   245   286 
10  2235  40000  7436B -227B   54   289   245   273 
20  2317  38892  7641B -245B   54   285   242   284 
20  2832  31241  9200B -355B   87   221   251   291 
10  2926  30000  9480B -378B   98   208   252   289 
10  3329  25000 10707B -486B  173   145   239   270 
20  3347  24678 10792B -495B  177   143   239   274 
20  3821  20342 12035B -546B  198   128   245   359 
10  3847  20000 12144B -547B  197   128   249   354 
20  3938  19336 12360B -551B  196   128   250   344 
20  3955  19091 12441B -538B  192   131   251   330 
20  4037  18503 12642B -546B  193   129   251   333 
20  4054  18274 12722B -533B  189   133   250   350 
20  4129  17801 12891B -526B  184   135   254   342 
20  4249  16664 13316B -543B  186   133   255   246 
20  4330  16183 13503B -536B  183   135   248   219 
20  4459  15118 13939B -556B  187   130   263   215 
10  4508  15000 13989B -555B  187   131   266   212 
20  4535  14711 14113B -554B  186   131   265   189 
20  4638  13994 14430B -576B  191   126   262   194 
20  4651  13793 14521B -562B  188   129   268   187 
20  4659  13650 14588B -562B  189   129   270   180 
20  4956  11563 15622B -642B  210   112   236   186 
20  5117  10784 16047B -660B  215   109   273   153 
20  5141  10526 16194B -657B  215   109   291   143 
20  5232  10129 16427B -648B  213   110   300   131 
10  5247  10000 16506B -635B  211   113   308   108 
20  5307   9727 16677B -614B  206   117   328    52 
20  5524   8572 17453B -659B  212   110   171    29 
20  5652   7964 17900B -654B  210   111   284    30 
20  5943   6913 18755B -656B  209   111   270    18 
20  6020   6703 18942B -665B  210   110   180    42 
20  6124   6351 19271B -636B  203   115    29    31 
20  6403   5527 20120B -651B  202   114    48    58 
20  6526   5168 20533B -611B  191   122    78   102 
10  6606   5000 20737B -614B  190   122   105    69 
20  6620   4942 20810B -613B  189   123   100    61 
20  6756   4532 21350B -584B  178   130    85    90 
20  7444   3164 23622B -564B  154   143    95   106 
10  7540   3000 23961B -545B  144   151    86    70 
20  7707   2774 24462B -529B  129   161    92    76 
20  7811   2623 24824B -538B  127   161   110   100 
20  8037   2287 25706B -526B  100   180    61    35 
10  8304   2000 26579B -491B   57   226    50    35 
20  8309   1991 26610B -489B   56   228    43    43 
20  8515   1769 27380B -516B   59   219    53    85 
20  8819   1496 28486B -448B   22   302   231    31 
30   100  -9999   677 -9999 -9999 -9999   192   170 
30   200  -9999  1003 -9999 -9999 -9999   223   201 
30   300  -9999  1292 -9999 -9999 -9999   226   136 
30   400  -9999  1589 -9999 -9999 -9999   220   115 
30   500  -9999  1889 -9999 -9999 -9999   226    90 
30   600  -9999  2185 -9999 -9999 -9999   241    88 
30   700  -9999  2496 -9999 -9999 -9999   230   102 
30   800  -9999  2813 -9999 -9999 -9999   224   112 
30   900  -9999  3123 -9999 -9999 -9999   218   131 
30  1000  -9999  3446 -9999 -9999 -9999   216   159 
30  1100  -9999  3767 -9999 -9999 -9999   214   185 
30  1300  -9999  4449 -9999 -9999 -9999   231   176 
30  1400  -9999  4766 -9999 -9999 -9999   235   170 
30  1500  -9999  5100 -9999 -9999 -9999   243   198 
30  1600  -9999  5457 -9999 -9999 -9999   248   267 
30  1700  -9999  5780 -9999 -9999 -9999   249   231 
30  1800  -9999  6086 -9999 -9999 -9999   245   254 
30  1900  -9999  6387 -9999 -9999 -9999   243   273 
30  2000  -9999  6676 -9999 -9999 -9999   246   292 
30  2100  -9999  6974 -9999 -9999 -9999   247   296 
30  2200  -9999  7253 -9999 -9999 -9999   247   283 
30  2300  -9999  7566 -9999 -9999 -9999   243   279 
30  2400  -9999  7847 -9999 -9999 -9999   239   305 
30  2500  -9999  8150 -9999 -9999 -9999   242   302 
30  2600  -9999  8432 -9999 -9999 -9999   245   296 
30  2700  -9999  8747 -9999 -9999 -9999   245   303 
30  2800  -9999  9025 -9999 -9999 -9999   246   296 
30  2900  -9999  9354 -9999 -9999 -9999   252   288 
30  3000  -9999  9649 -9999 -9999 -9999   251   286 
30  3100  -9999  9962 -9999 -9999 -9999   247   280 
30  3200  -9999 10274 -9999 -9999 -9999   242   268 
30  3300  -9999 10563 -9999 -9999 -9999   239   268 
30  3400  -9999 10859 -9999 -9999 -9999   241   282 
30  3500  -9999 11142 -9999 -9999 -9999   244   289 
30  3600  -9999 11407 -9999 -9999 -9999   243   288 
30  3700  -9999 11682 -9999 -9999 -9999   238   308 
30  3800  -9999 11949 -9999 -9999 -9999   242   358 
30  3900  -9999 12194 -9999 -9999 -9999   250   352 
30  4000  -9999 12465 -9999 -9999 -9999   252   326 
30  4100  -9999 12750 -9999 -9999 -9999   250   353 
30  4200  -9999 13045 -9999 -9999 -9999   257   305 
30  4300  -9999 13369 -9999 -9999 -9999   253   232 
30  4400  -9999 13638 -9999 -9999 -9999   249   216 
30  4500  -9999 13946 -9999 -9999 -9999   264   216 
30  4600  -9999 14235 -9999 -9999 -9999   260   187 
30  4700  -9999 14597 -9999 -9999 -9999   270   178 
30  4800  -9999 14962 -9999 -9999 -9999   268   139 
30  4900  -9999 15305 -9999 -9999 -9999   246   143 
30  5000  -9999 15641 -9999 -9999 -9999   237   186 
30  5100  -9999 15950 -9999 -9999 -9999   262   165 
30  5200  -9999 16282 -9999 -9999 -9999   293   136 
30  5300  -9999 16609 -9999 -9999 -9999   318    73 
30  5400  -9999 17039 -9999 -9999 -9999   129    61 
30  5500  -9999 17334 -9999 -9999 -9999   157    43 
30  5600  -9999 17636 -9999 -9999 -9999   256    19 
30  5700  -9999 17940 -9999 -9999 -9999   285    24 
30  5800  -9999 18254 -9999 -9999 -9999   198    36 
30  5900  -9999 18552 -9999 -9999 -9999   284    29 
30  6000  -9999 18838 -9999 -9999 -9999   200    24 
30  6100  -9999 19144 -9999 -9999 -9999   251     9 
30  6200  -9999 19462 -9999 -9999 -9999    32    72 
30  6300  -9999 19779 -9999 -9999 -9999    36    93 
30  6400  -9999 20103 -9999 -9999 -9999    48    62 
30  6500  -9999 20405 -9999 -9999 -9999    66    97 
30  6600  -9999 20706 -9999 -9999 -9999   102    73 
30  6700  -9999 21029 -9999 -9999 -9999    63    79 
30  6800  -9999 21373 -9999 -9999 -9999    85    94 
30  6900  -9999 21708 -9999 -9999 -9999    81    80 
30  7000  -9999 22031 -9999 -9999 -9999    98    74 
30  7100  -9999 22357 -9999 -9999 -9999   108    63 
30  7200  -9999 22695 -9999 -9999 -9999    80    46 
30  7300  -9999 23033 -9999 -9999 -9999    67    86 
30  7400  -9999 23365 -9999 -9999 -9999    73   115 
30  7500  -9999 23721 -9999 -9999 -9999    95    90 
30  7600  -9999 24078 -9999 -9999 -9999    88    80 
30  7700  -9999 24423 -9999 -9999 -9999    94    72 
30  7800  -9999 24762 -9999 -9999 -9999   103   105 
30  7900  -9999 25114 -9999 -9999 -9999   100    55 
30  8000  -9999 25480 -9999 -9999 -9999    88    56 
30  8100  -9999 25843 -9999 -9999 -9999    58    36 
30  8200  -9999 26198 -9999 -9999 -9999    68    33 
30  8300  -9999 26555 -9999 -9999 -9999    57    31 
30  8400  -9999 26916 -9999 -9999 -9999    44    78 
30  8500  -9999 27287 -9999 -9999 -9999    43    89 
30  8600  -9999 27652 -9999 -9999 -9999    93    58 
30  8700  -9999 28013 -9999 -9999 -9999   132    12 
30  8800  -9999 28371 -9999 -9999 -9999   236    15 
#USM00072357 2013 05 20 17 1651  165 ncdc6301 ncdc6301  351808  -974378
21     0  96638A  345   275A  740    50   185    51 
20    16  95755   426A  262A  747    49   186    75 
10   104  92500   730A  228A  773    42   186    82 
20   123  91368   838A  216A  795    37   194    85 
20   234  87604  1202A  183A  931    11   210   134 
10   321  85000  1461A  166A  882    20   215   149 
20   330  84443  1517A  164A  879    20   215   150 
20   344  83541  1608A  152A  955     7   219   148 
20   401  82479  1717A  147A  982     3   231   143 
20   410  82029  1764A  150A  953     7   239   147 
20   424  81288  1841A  155A  671    61   248   167 
20   509  79395  2041A  169A  503   104   238   204 
20   518  78950  2089A  172A  374   147   233   207 
20   534  78071  2185A  175A  284   185   227   208 
10   820  70000  3103A   96A  317   160   224   217 
20  1121  61742  4126A    0A  377   127   226   223 
20  1230  58620  4538A  -39A  410   113   227   245 
20  1459  52372  5418A  -90A  249   165   248   307 
20  1556  50319  5726A -116A  262   156   242   276 
10  1605  50000  5775A -117A  263   156   242   278 
20  1629  49180  5902A -121A  249   161   246   288 
10  2120  40000  7446A -235A  208   164   244   283 
20  2432  34189  8572A -329A  162   173   247   292 
20  2538  32572  8912A -347A  148   178   250   316 
20  2734  30169  9441A -396A  120   188   251   320 
10  2744  30000  9480A -399A  119   188   250   321 
20  3000  27755 10007A -432A   96   199   245   332 
10  3233  25000 10701A -492A   76   205   251   343 
20  3333  23839 11011A -515A   89   190   251   345 
20  3503  22372 11422A -534A   99   179   251   383 
20  3730  20195 12075A -554A  109   169   252   374 
10  3743  20000 12137A -546A  105   173   255   364 
20  3753  19862 12181A -541A  102   176   257   356 
20  3839  19081 12438A -552A  107   171   256   287 
20  3911  18679 12574A -550A  105   173   250   265 
20  4045  17334 13055A -515A   83   195   225   212 
20  4239  15945 13594A -536A   90   186   241   214 
20  4341  15200 13902A -538A   90   185   245   155 
10  4356  15000 13987A -546A   94   181   243   153 
20  4545  13694 14562A -598A  122   155   240   167 
20  4612  13423 14687A -600A  123   154   245   178 
20  4711  12854 14956A -623A  136   144   252   176 
20  4815  12109 15324A -631A  141   140   258    85 
20  4832  11945 15408A -604A  126   151   240    77 
20  4845  11798 15486A -595A  121   155   227    72 
20  5049  10668 16110A -637A  142   139   183   100 
10  5211  10000 16506A -647A  147   135   196   106 
20  5536   8457 17518A -643A  140   139   249    48 
20  5625   8122 17765A -657A  146   134   247    27 
20  5646   7977 17874A -646A  139   139   245    34 
10  5917   7000 18669A -656A  141   137     3    37 
20  6108   6358 19255A -656A  138   138    21    49 
20  6233   5919 19691A -641A  128   145    72    40 
20  6329   5643 19987A -610A  109   160    97   108 
10  6552   5000 20738A -598A   98   169   100    59 
20  6559   4973 20772A -598A   98   170    98    66 
20  6637   4819 20971A -572A   83   185    94    93 
20  6825   4386 21562A -595A   91   175   112    76 
20  7023   3954 22215A -567A   72   195   100    49 
20  7457   3103 23755A -547A   53   220    97    71 
10  7534   3000 23969A -562A   59   209   106   104 
20  7554   2943 24092A -566A   60   208   117   100 
20  8050   2253 25802A -519A   58   219    79    62 
10  8258   2000 26573A -531A   52   225    83    66 
20  8420   1861 27038A -529A   53   223    98    81 
20  8619   1673 27734A -471A   89   198   143    55 
20  8934   1400 28915A -459A  101   191   153    69 
20  9049   1300 29412A -433A  124   179   189    48 
20  9228   1192 30000A -425A  136   173   201    27 
20  9411   1090 30607A -390A  159   166   213    54 
20  9516   1023 31045A -389A  162   164   230    36 
30   100  -9999   707 -9999 -9999 -9999   186    82 
30   200  -9999  1008 -9999 -9999 -9999   195   101 
30   300  -9999  1350 -9999 -9999 -9999   216   153 
30   400  -9999  1711 -9999 -9999 -9999   230   143 
30   500  -9999  1997 -9999 -9999 -9999   242   199 
30   600  -9999  2349 -9999 -9999 -9999   225   207 
30   700  -9999  2676 -9999 -9999 -9999   226   225 
30   800  -9999  3007 -9999 -9999 -9999   223   218 
30   900  -9999  3319 -9999 -9999 -9999   224   215 
30  1000  -9999  3666 -9999 -9999 -9999   225   212 
30  1100  -9999  4007 -9999 -9999 -9999   225   218 
30  1200  -9999  4354 -9999 -9999 -9999   225   226 
30  1300  -9999  4713 -9999 -9999 -9999   233   276 
30  1400  -9999  5075 -9999 -9999 -9999   243   296 
30  1500  -9999  5425 -9999 -9999 -9999   248   306 
30  1600  -9999  5746 -9999 -9999 -9999   242   277 
30  1700  -9999  6061 -9999 -9999 -9999   244   287 
30  1800  -9999  6368 -9999 -9999 -9999   239   296 
30  1900  -9999  6680 -9999 -9999 -9999   240   291 
30  2000  -9999  6981 -9999 -9999 -9999   239   287 
30  2100  -9999  7313 -9999 -9999 -9999   239   285 
30  2200  -9999  7682 -9999 -9999 -9999   242   278 
30  2300  -9999  8039 -9999 -9999 -9999   243   281 
30  2400  -9999  8372 -9999 -9999 -9999   243   286 
30  2500  -9999  8733 -9999 -9999 -9999   250   311 
30  2600  -9999  9030 -9999 -9999 -9999   252   318 
30  2700  -9999  9300 -9999 -9999 -9999   251   312 
30  2800  -9999  9540 -9999 -9999 -9999   250   321 
30  2900  -9999  9770 -9999 -9999 -9999   247   319 
30  3100  -9999 10258 -9999 -9999 -9999   245   334 
30  3200  -9999 10533 -9999 -9999 -9999   250   339 
30  3300  -9999 10840 -9999 -9999 -9999   250   343 
30  3400  -9999 11137 -9999 -9999 -9999   251   355 
30  3500  -9999 11409 -9999 -9999 -9999   251   381 
30  3600  -9999 11659 -9999 -9999 -9999   251   388 
30  3700  -9999 11922 -9999 -9999 -9999   246   375 
30  3800  -9999 12211 -9999 -9999 -9999   257   349 
30  3900  -9999 12521 -9999 -9999 -9999   252   273 
30  4000  -9999 12788 -9999 -9999 -9999   249   263 
30  4100  -9999 13130 -9999 -9999 -9999   221   216 
30  4200  -9999 13411 -9999 -9999 -9999   230   224 
30  4300  -9999 13695 -9999 -9999 -9999   243   191 
30  4400  -9999 14007 -9999 -9999 -9999   242   153 
30  4500  -9999 14320 -9999 -9999 -9999   237   160 
30  4600  -9999 14632 -9999 -9999 -9999   244   174 
30  4700  -9999 14907 -9999 -9999 -9999   248   183 
30  4800  -9999 15251 -9999 -9999 -9999   267   108 
30  4900  -9999 15580 -9999 -9999 -9999   210    63 
30  5000  -9999 15871 -9999 -9999 -9999   193    73 
30  5100  -9999 16161 -9999 -9999 -9999   184   106 
30  5200  -9999 16446 -9999 -9999 -9999   191   102 
30  5300  -9999 16749 -9999 -9999 -9999   208   116 
30  5400  -9999 17056 -9999 -9999 -9999   222    96 
30  5500  -9999 17349 -9999 -9999 -9999   250    88 
30  5600  -9999 17638 -9999 -9999 -9999   250    35 
30  5700  -9999 17947 -9999 -9999 -9999   242    40 
30  5800  -9999 18280 -9999 -9999 -9999     8    25 
30  5900  -9999 18583 -9999 -9999 -9999    46    41 
30  6000  -9999 18895 -9999 -9999 -9999   329    64 
30  6100  -9999 19213 -9999 -9999 -9999    18    53 
30  6200  -9999 19523 -9999 -9999 -9999    58    53 
30  6300  -9999 19833 -9999 -9999 -9999    81    68 
30  6400  -9999 20154 -9999 -9999 -9999   117   111 
30  6500  -9999 20469 -9999 -9999 -9999   153    56 
30  6600  -9999 20777 -9999 -9999 -9999    97    67 
30  6700  -9999 21099 -9999 -9999 -9999   100   125 
30  6800  -9999 21423 -9999 -9999 -9999   116   117 
30  6900  -9999 21753 -9999 -9999 -9999    98    70 
30  7000  -9999 22087 -9999 -9999 -9999   103    55 
30  7100  -9999 22421 -9999 -9999 -9999    99    58 
30  7200  -9999 22755 -9999 -9999 -9999    88   103 
30  7300  -9999 23089 -9999 -9999 -9999   102   100 
30  7400  -9999 23427 -9999 -9999 -9999   117    72 
30  7500  -9999 23772 -9999 -9999 -9999    97    74 
30  7600  -9999 24129 -9999 -9999 -9999   118    92 
30  7700  -9999 24489 -9999 -9999 -9999   116    66 
30  7800  -9999 24844 -9999 -9999 -9999   136    58 
30  7900  -9999 25181 -9999 -9999 -9999   102    52 
30  8000  -9999 25515 -9999 -9999 -9999   120    58 
30  8100  -9999 25862 -9999 -9999 -9999    78    62 
30  8200  -9999 26224 -9999 -9999 -9999    69    59 
30  8300  -9999 26587 -9999 -9999 -9999    83    64 
30  8400  -9999 26926 -9999 -9999 -9999    83    73 
30  8500  -9999 27260 -9999 -9999 -9999   109    85 
30  8600  -9999 27617 -9999 -9999 -9999   131    58 
30  8700  -9999 27980 -9999 -9999 -9999   122    43 
30  8800  -9999 28339 -9999 -9999 -9999    87    44 
30  8900  -9999 28697 -9999 -9999 -9999   109    54 
30  9000  -9999 29088 -9999 -9999 -9999   167    57 
30  9100  -9999 29484 -9999 -9999 -9999   189    51 
30  9200  -9999 29844 -9999 -9999 -9999   195    44 
30  9300  -9999 30179 -9999 -9999 -9999   201    26 
30  9400  -9999 30537 -9999 -9999 -9999   193    56 
30  9500  -9999 30934 -9999 -9999 -9999   229    42 
